3

5
2
2 6 4 5 1
8 7 9 3 6

10
105
-2 6 -45 -55 15 52 74 63 65 -86
465735 752345 954235 352345 652345 523467 427254 913463 906424 865345

20
1000000000
210054252 -652745267 -455322445 -553565505 -155255426 625633452 752526456
665354663 636355733 -863465364 -663546436 634516364 854355664 -413254752
-562456475 523462655 635432799 -134124434 412351521 113413421
152435325 545524567 435525224 113245524 550264226 952552452 857603456
746530343 653273630 653736063 633305236 630563543 634506535 123459003
717572702 454272072 725454502 725473340 722534074 725453705
