1989041895
592810510
1183211287
1705784201
1239467218
2113280921
459683278
1134710752
583598893
1231673804
500673987
405110448
1285454226
185045261
938372950
726215718
598633381
443198468
538944438
863477233
1335894065
596306599
991876455
1976783568
568701977
368683853
2114257442
1727607399
1693162824
72130004
717111791
260771170
26969139
1940213556
1781736042
965450393
850978773
1702206513
858114686
354545026
108810039
1499047194
1059731395
812836023
833576500
377131863
626758556
1459556933
870517327
76425110
619422843
975718782
109283181
1601285492
1623514375
526830014
1215266272
281206418
465121929
650005726
1304859529
1464498386
879372166
515884121
1204463608
1153512684
1819215048
592749701
282478800
1952571739
1899833196
2067529532
313311211
993882625
132040726
2076629369
508662940
1082127079
1361498051
811684789
2086144285
1057470332
1817933516
449014198
1264625485
830218159
1830460922
469505333
803683680
1551070978
663467380
1011404335
1501677917
1163931119
1575607074
1473106028
1517105745
1145892407
1040332306
704077649
80164510
568997922
1359202742
832033099
431398484
1073150770
962359702
439579282
1836528937
510772852
245068182
373749168
547424092
507396747
389143043
209778268
744141524
1694979837
157363658
132376538
1368241635
226481070
538672236
1884526981
1500728159
2125278321
747046304
1252497774
1482227665
1010651713
1772118362
2004411294
1337021825
408583122
1688664128
653813292
1832524995
30885145
1049419597
516436289
552026135
164192558
1036893109
2083927087
214862428
2021973449
960341532
61236430
650566412
1204475566
275223896
2126106771
1176019158
407438201
820704433
1941814716
1252464337
1920933333
404691055
1326381697
560894269
427998867
1574350091
1099313956
812850010
981848678
596862160
2011232242
1397336144
124052813
1726959151
46385821
1018286438
412664019
1024946167
748912144
911980627
4854571
1081715493
417353280
471384468
249082338
1232042507
697844140
787656373
12626258
1412013322
1591761363
1843385586
1670221063
1809601328
976205417
678686435
1841652833
2093428736
1945857839
151552397
1278959141
1814428159
146250433
1390065060
754806818
1295110267
98230694
1576559657
1499465367
1829350507
146369997
1507713274
1595752685
1900301386
574890785
176346424
247853890
2098040833
1866319236
1229866335
1621294973
690586509
1300996756
773451857
573423608
726515298
81668139
130986790
296698918
837537716
867941530
165437934
2028850639
1245544801
74036769
1548524509
648313122
1928889900
999286196
949864034
592467510
681650227
848882997
875452321
1417356023
1322011045
1073457844
898780741
1692187154
599967486
1177134138
2055150418
304962527
2597591
627279017
1234156993
1229808732
1741168805
780809073
1216026264
1460890600
567215984
180148940
66161246
216268682
1983675248
122175835
907238208
391261883
882074190
3166447
2049250644
1945982727
406101907
709065199
1328792679
963052083
1041233385
1061569179
51267721
1169922153
854750742
969760632
357778855
1390053656
1593716380
787128655
1919274906
1600088535
932148892
1681127648
365355310
1158681167
2073835100
90050806
910669125
839237743
35315267
1150085745
1677394453
1316261355
1131599691
567775644
1589655039
71741673
1112128862
1540600692
1342644544
79787880
1335551210
2036160475
217034667
28514921
1968890373
730709225
200522183
1614799508
842671477
1108932051
1521583821
743350959
517001558
656864306
1964304855
256497031
1542751980
1294273485
68634628
1303850183
1250799158
217676746
1382615855
1086488162
1092776914
1395604169
237730710
1008797257
2059586891
214262134
1936741839
844789051
296868124
1119032114
2129558564
1815203429
522860927
1905708227
1492377269
1191528706
551959574
1123991417
64459385
1525927751
1125513160
2104849378
449246731
299006966
1301366159
1946158482
1403273130
540403909
469128392
1039350082
2025663823
459811466
1559439656
1285155590
600848858
168947551
714131493
1749419012
1989262827
1411062157
136954241
8003202
280029131
1187453363
954529100
2088982248
54997935
1988774754
2021455361
1074762186
1964062476
546439499
929227924
1773876495
566245244
149797908
685841628
1524823959
550922828
143534030
674351288
150314922
554347133
480689285
1997800759
2007998533
128219538
1526240629
1213129831
604825707
1297983663
388249068
2083457011
1481954978
1728583712
93419227
1469455549
1116178395
1821627454
436814143
1808163950
574022137
2018277563
754538088
1758904316
398378452
954756930
1511880631
2115205857
1371575632
1040976256
1422435820
1196627334
1490171709
91722016
822195187
788237671
1239870419
1416829971
1858204233
207866346
995716800
1940290666
1680862285
805199149
255145314
2070900118
2001170154
1264139945
1127036145
90563923
1494727878
1997357058
997809952
19933724
409119648
53771370
1627391994
447731190
559036316
330001172
1353200789
1875898287
183572539
620572047
1460825148
1166038761
1149790848
280165541
1374441710
282164455
667938970
367248003
1980473748
2070773975
508333154
2146946245
6824657
989018746
1357250414
1466383899
1020476466
2059442517
1235723365
889463811
1119796896
838583107
1572529316
411026266
1314977211
125221954
1751907001
1866403587
1744086110
614297015
1014599203
896780746
92003734
1211235709
1390803178
1715915459
139927288
2013296232
1006314774
558104825
666200730
339184684
1427376117
1374980076
587140364
1807889042
1371754135
480446467
1417924399
1390245835
1147942042
100634918
489638495
568377483
904813529
194434628
396093354
4352881
974953004
1473531574
1757430778
1054689684
417763236
1718673398
61313796
1090881764
978284685
204514077
656110486
1433932600
485419793
857022106
1209271970
1664573366
286815925
1497000400
686479270
1386321421
2100774171
1443542932
896249694
2083403047
826509545
548178439
913129092
2138432910
595646268
552521267
858723385
1345673431
1088312252
833838660
737594461
1567879124
1177716480
276918079
1455163014
1390428696
997322700
1415493936
718988198
1632400075
935167331
891761931
403093844
288861057
989677261
494013796
1563102256
1180503566
417380031
825028510
1927711913
1070199517
1840722443
383846808
39766087
1318474743
573543892
541336468
1854115706
1343965569
1319783303
1380662609
1242104529
986595781
1592674228
155733676
830389627
1432162008
865670797
1618047391
473664383
1681591537
1688130575
1127106999
1305430518
1103154423
415620956
1792761147
1693397697
338832968
1677622196
1162750673
464233427
621623715
109379271
758183285
760347495
1954448309
1660259583
172651960
1607159634
1511631975
236242962
1789670012
1574737113
824394843
1767244073
353394609
1434326739
1740186973
432192999
811981499
630163274
226600128
1880746370
2034734564
1780053811
330838490
1015546239
1788759118
884443139
2039496811
1553737887
331505721
1534585379
1726000151
1583920087
1416818110
451357086
710771795
1678419526
134423898
1405798696
44768987
753150899
770404402
1719542097
2141607708
1763446898
21417558
407600999
971175962
2110433795
813036298
410191301
1254679118
2066450816
1828554165
1408482521
1081387531
632310977
1069575218
1054125010
156081284
1296445769
186990194
171901679
1136985660
1427879881
1120748962
392706241
2130685325
1151460282
1577166134
1088261522
1335734761
1178025613
2099980335
218878775
1390332948
387485103
400881155
1656738684
1000560532
1463798506
95673379
1925540842
1678765000
761156272
1441593450
1937551014
39239362
196877592
223588282
1190309960
903840994
1155026310
348376089
20012909
396510918
1931258969
201411912
2004833710
519989545
192760539
1501602534
2047262907
570848557
1387423571
167698428
78858116
2029120403
2004633828
1851957262
717542644
623953293
403233543
1009670512
1325975808
1498278166
347103506
1584330793
1572780717
1124140686
200262141
1052315530
447956183
415474141
1561452474
1792669590
1143083500
1022367214
759176207
222223675
1457089718
2134665136
1710106494
1224800177
1854163879
2116123519
156977482
1656013571
1536026801
1547180557
1060527610
613057753
406428495
387421495
1308829246
1413660080
529961942
516101168
1946336599
1742978313
1825119276
590448814
1525816723
871851358
1979440982
1482676560
1539692648
531020388
419892357
22695584
1406149711
1358096213
1978839107
1186086915
215661100
280789431
761611444
1329343665
351763293
1393329155
1044596614
1098031143
1985198907
1908419948
1082474397
717334215
2067333573
976108130
96474759
415092567
1255493932
256693406
535198399
88405239
775382074
1440640735
1297717324
2118184946
563433827
192102100
1450874734
2109096215
542506244
1998007715
74652351
632760038
2134972759
709930866
1623174279
1353252224
462244045
1805009422
1612185362
2008703992
1321583700
1300316244
50891250
1971309740
122716214
1067441956
394645477
1299451329
1465304629
1435686542
1879345625
85464466
853127210
1496980202
663908894
721426119
1821409962
1387832284
1849001698
1863087694
1832730860
934475523
876734421
363412545
681171656
275052828
919601220
1532040265
75266213
2129685087
1356810147
1483340416
1240456667
1449170287
825513777
1184357974
1219402505
1781522677
1710353246
1952304758
1130652968
77077342
1496894807
1506270685
215897854
1032901365
457706059
496549036
1553088255
570401341
680257756
347005280
1211873347
568636522
220162838
1721047051
1823481647
1995766225
523035078
1311847134
881658049
1253373458
1246242189
376577704
229398124
1308123444
1163343521
200513888
1786555220
2019577009
76975599
1856487058
1410326533
422020923
38343499
1269856952
615534997
1330786972
684123859
970297766
285383005
638555471
342049486
1415656445
1393107960
1194103368
1171438939
1503487552
717851247
1114360106
374272390
250618958
1044946339
479740687
952208830
1799631722
1964995133
2028085368
1108770443
1821379014
55831851
1753618133
1384634796
1796571450
369386202
1813548564
682915585
301492681
316153982
92191985
35653607
392553983
61804685
1023959319
8483215
1004198224
1508224973
814861332
1077315226
1959069503
1594351736
1147614909
1962973386
94688681
1545831590
1840012189
552473861
1676943666
398536259
1627527596
1389636955
864114464
766919294
1741883551
710016753
151926916
1042508204
555746314
937420503
272586246
1832161512
1057953033
1711269994
1764656389
902065398
301302642
364813715
1694892760
1581795496
866381436
1909430333
372773445
2146593139
1024648433
441189017
611850654
1998418697
1933764705
894411961
711070339
317480790
1294586785
1818863225
47234546
1790850518
1007760882
1391223296
1686916046
1076430168
176571994
1855587419
1032993982
2143230005
1648819063
1072384526
1463749553
250863649
246030043
1424950364
1284924698
2131000384
837054934
1950499562
1959436425
1198206369
378973234
1870263955
1666225330
1769123803
1976464312
594470685
533058884
799246804
1431358181
93006382
