1989041895
592810510
1183211287
1705784201
1239467218
2113280921
459683278
1134710752
583598893
1231673804
500673987
405110448
1285454226
185045261
938372950
726215718
598633381
443198468
538944438
863477233
1335894065
596306599
991876455
1976783568
568701977
368683853
2114257442
1727607399
1693162824
72130004
717111791
260771170
26969139
1940213556
1781736042
965450393
850978773
1702206513
858114686
354545026
108810039
1499047194
1059731395
812836023
833576500
377131863
626758556
1459556933
870517327
76425110
619422843
975718782
109283181
1601285492
1623514375
526830014
1215266272
281206418
465121929
650005726
1304859529
1464498386
879372166
515884121
1204463608
1153512684
1819215048
592749701
282478800
1952571739
1899833196
2067529532
313311211
993882625
132040726
2076629369
508662940
1082127079
1361498051
811684789
2086144285
1057470332
1817933516
449014198
1264625485
830218159
1830460922
469505333
803683680
1551070978
663467380
1011404335
1501677917
1163931119
1575607074
1473106028
1517105745
1145892407
1040332306
704077649
